s =

  -0.19531
  -0.19531
  -0.18750
  -0.18750
  -0.18750
  -0.17969
  -0.17969
  -0.17969
  -0.17188
  -0.17188
  -0.16406
  -0.16406
  -0.16406
  -0.15625
  -0.14844
  -0.14062
  -0.13281
  -0.12500
  -0.12500
  -0.11719
  -0.10938
  -0.10156
  -0.10156
  -0.09375
  -0.09375
  -0.08594
  -0.08594
  -0.07812
  -0.07812
  -0.07031
  -0.07031
  -0.06250
  -0.05469
  -0.05469
  -0.04688
  -0.04688
  -0.03906
  -0.03906
  -0.03906
  -0.03125
  -0.03125
  -0.02344
  -0.02344
  -0.02344
  -0.02344
  -0.01562
  -0.01562
  -0.01562
  -0.01562
  -0.01562
  -0.01562
  -0.00781
  -0.00781
  -0.00781
  -0.00781
  -0.00781
  -0.00781
  -0.00781
  -0.00781
  -0.01562
  -0.01562
  -0.01562
  -0.02344
  -0.02344
  -0.02344
  -0.03125
  -0.03125
  -0.03906
  -0.03906
  -0.03906
  -0.04688
  -0.04688
  -0.04688
  -0.05469
  -0.05469
  -0.06250
  -0.06250
  -0.06250
  -0.07031
  -0.07031
  -0.07812
  -0.07812
  -0.08594
  -0.09375
  -0.10156
  -0.10938
  -0.11719
  -0.12500
  -0.12500
  -0.13281
  -0.13281
  -0.14062
  -0.14062
  -0.14844
  -0.14844
  -0.15625
  -0.15625
  -0.16406
  -0.17188
  -0.17188
  -0.17969
  -0.17969
  -0.18750
  -0.18750
  -0.18750
  -0.19531
  -0.19531
  -0.20312
  -0.20312
  -0.20312
  -0.21094
  -0.21094
  -0.21094
  -0.21094
  -0.21875
  -0.21875
  -0.21875
  -0.21875
  -0.21875
  -0.21875
  -0.22656
  -0.22656
  -0.22656
  -0.21875
  -0.21875
  -0.21875
  -0.21875
  -0.21094
  -0.21094
  -0.20312
  -0.20312
  -0.20312
  -0.19531
  -0.19531
  -0.19531
  -0.18750
  -0.18750
  -0.18750
  -0.17969
  -0.17969
  -0.17969
  -0.17188
  -0.17188
  -0.16406
  -0.16406
  -0.16406
  -0.15625
  -0.14844
  -0.14844
  -0.14062
  -0.13281
  -0.12500
  -0.11719
  -0.10938
  -0.10938
  -0.10156
  -0.09375
  -0.09375
  -0.08594
  -0.08594
  -0.07812
  -0.07812
  -0.07031
  -0.07031
  -0.06250
  -0.05469
  -0.05469
  -0.04688
  -0.04688
  -0.04688
  -0.03906
  -0.03906
  -0.03125
  -0.03125
  -0.02344
  -0.02344
  -0.02344
  -0.02344
  -0.01562
  -0.01562
  -0.01562
  -0.01562
  -0.00781
  -0.00781
  -0.00781
  -0.00781
  -0.00781
  -0.00781
  -0.00781
  -0.00781
  -0.00781
  -0.00781
  -0.00781
  -0.01562
  -0.01562
  -0.01562
  -0.02344
  -0.02344
  -0.02344
  -0.03125
  -0.03125
  -0.03906
  -0.03906
  -0.03906
  -0.04688
  -0.04688
  -0.04688
  -0.05469
  -0.05469
  -0.05469
  -0.06250
  -0.06250
  -0.07031
  -0.07031
  -0.07812
  -0.08594
  -0.09375
  -0.10156
  -0.10156
  -0.10938
  -0.11719
  -0.12500
  -0.12500
  -0.13281
  -0.13281
  -0.14062
  -0.14062
  -0.14844
  -0.14844
  -0.15625
  -0.15625
  -0.16406
  -0.16406
  -0.17188
  -0.17188
  -0.17969
  -0.17969
  -0.18750
  -0.18750
  -0.19531
  -0.19531
  -0.19531
  -0.20312
  -0.20312
  -0.20312
  -0.20312
  -0.21094
  -0.21094
  -0.21094
  -0.21094
  -0.21094
  -0.21094
  -0.21875
  -0.21875
  -0.21875
  -0.21875
  -0.21875
  -0.21875
  -0.21094
  -0.21094
  -0.20312
  -0.20312
  -0.20312
  -0.20312
  -0.19531
  -0.19531
  -0.18750
  -0.18750
  -0.18750
  -0.17969
  -0.17969
  -0.17188
  -0.17188
  -0.17188
  -0.16406
  -0.16406
  -0.15625
  -0.15625
  -0.15625
  -0.14844
  -0.14844
  -0.14062
  -0.13281
  -0.12500
  -0.11719
  -0.10938
  -0.10156
  -0.10156
  -0.09375
  -0.08594
  -0.08594
  -0.07812
  -0.07812
  -0.07031
  -0.07031
  -0.06250
  -0.06250
  -0.05469
  -0.04688
  -0.04688
  -0.03906
  -0.03906
  -0.03125
  -0.03125
  -0.03125
  -0.02344
  -0.02344
  -0.01562
  -0.01562
  -0.01562
  -0.00781
  -0.00781
  -0.00781
  -0.00781
   0.00000
   0.00000
   0.00000
   0.00000
   0.00000
   0.00000
   0.00781
   0.00781
   0.00781
   0.00781
   0.00000
   0.00000
   0.00000
  -0.00781
  -0.00781
  -0.00781
  -0.01562
  -0.01562
  -0.01562
  -0.02344
  -0.02344
  -0.02344
  -0.03125
  -0.03125
  -0.03906
  -0.03906
  -0.03906
  -0.04688
  -0.04688
  -0.04688
  -0.05469
  -0.05469
  -0.06250
  -0.06250
  -0.07031
  -0.07812
  -0.08594
  -0.09375
  -0.10156
  -0.10938
  -0.10938
  -0.11719
  -0.11719
  -0.12500
  -0.13281
  -0.13281
  -0.14062
  -0.14062
  -0.14844
  -0.14844
  -0.15625
  -0.15625
  -0.16406
  -0.16406
  -0.17188
  -0.17188
  -0.17969
  -0.17969
  -0.18750
  -0.18750
  -0.18750
  -0.19531
  -0.19531
  -0.19531
  -0.20312
  -0.20312
  -0.20312
  -0.20312
  -0.20312
  -0.20312
  -0.21094
  -0.21094
  -0.21094
  -0.21094
  -0.21094
  -0.21094
  -0.21094
  -0.21094
  -0.20312
  -0.20312
  -0.20312
  -0.19531
  -0.19531
  -0.19531
  -0.18750
  -0.18750
  -0.17969
  -0.17969
  -0.17969
  -0.17188
  -0.17188
  -0.17188
  -0.16406
  -0.16406
  -0.15625
  -0.15625
  -0.15625
  -0.14844
  -0.14844
  -0.14062
  -0.14062
  -0.13281
  -0.12500
  -0.11719
  -0.10938
  -0.10156
  -0.09375
  -0.09375
  -0.08594
  -0.07812
  -0.07812
  -0.07031
  -0.07031
  -0.06250
  -0.06250
  -0.05469
  -0.05469
  -0.04688
  -0.03906
  -0.03906
  -0.03125
  -0.03125
  -0.03125
  -0.02344
  -0.02344
  -0.01562
  -0.01562
  -0.00781
  -0.00781
  -0.00781
  -0.00781
   0.00000
   0.00000
   0.00000
   0.00000
   0.00000
   0.00781
   0.00781
   0.00781
   0.00781
   0.00781
   0.00781
   0.00781
   0.00781
   0.00781
   0.00781
   0.00000
   0.00000
  -0.00781
  -0.00781
  -0.00781
  -0.01562
  -0.01562
  -0.01562
  -0.02344
  -0.02344
  -0.02344
  -0.03125
  -0.03125
  -0.03906
  -0.03906
  -0.03906
  -0.04688
  -0.04688
  -0.04688
  -0.05469
  -0.05469
  -0.06250
  -0.07031
  -0.07812
  -0.08594
  -0.09375
  -0.10156
  -0.10156
  -0.10938
  -0.10938
  -0.11719
  -0.12500
  -0.12500
  -0.13281
  -0.13281
  -0.14062
  -0.14062
  -0.14844
  -0.15625
  -0.15625
  -0.16406
  -0.16406
  -0.17188
  -0.17188
  -0.17188
  -0.17969
  -0.17969
  -0.18750
  -0.18750
  -0.18750
  -0.19531
  -0.19531
  -0.19531
  -0.19531
  -0.20312
  -0.20312
  -0.20312
  -0.20312
  -0.20312
  -0.20312
  -0.20312
  -0.21094
  -0.21094
  -0.21094
  -0.20312
  -0.20312
  -0.20312
  -0.19531
  -0.19531
  -0.18750
  -0.18750
  -0.18750
  -0.17969
  -0.17969
  -0.17969
  -0.17188
  -0.17188
  -0.17188
  -0.16406
  -0.16406
  -0.15625
  -0.15625
  -0.15625
  -0.14844
  -0.14844
  -0.14062
  -0.14062
  -0.13281
  -0.12500
  -0.11719
  -0.10938
  -0.10938
  -0.10156
  -0.09375
  -0.08594
  -0.08594
  -0.07812
  -0.07812
  -0.07031
  -0.07031
  -0.06250
  -0.06250
  -0.05469
  -0.04688
  -0.04688
  -0.03906
  -0.03906
  -0.03125
  -0.03125
  -0.02344
  -0.02344
  -0.01562
  -0.01562
  -0.01562
  -0.00781
  -0.00781
  -0.00781
   0.00000
   0.00000
   0.00000
   0.00000
   0.00781
   0.00781
   0.00781
   0.00781
   0.00781
   0.00781
   0.01562
   0.01562
   0.01562
   0.01562
   0.00781
   0.00781
   0.00781
   0.00000
   0.00000
  -0.00781
  -0.00781
  -0.00781
  -0.01562
  -0.01562
  -0.02344
  -0.02344
  -0.02344
  -0.03125
  -0.03125
  -0.03125
  -0.03906
  -0.03906
  -0.03906
  -0.04688
  -0.04688
  -0.05469
  -0.05469
  -0.06250
  -0.07031
  -0.07812
  -0.08594
  -0.09375
  -0.09375
  -0.10156
  -0.10156
  -0.10938
  -0.11719
  -0.11719
  -0.12500
  -0.12500
  -0.13281
  -0.13281
  -0.14062
  -0.14844
  -0.14844
  -0.15625
  -0.15625
  -0.16406
  -0.16406
  -0.17188
  -0.17188
  -0.17188
  -0.17969
  -0.17969
  -0.18750
  -0.18750
  -0.18750
  -0.18750
  -0.19531
  -0.19531
  -0.19531
  -0.19531
  -0.19531
  -0.19531
  -0.20312
  -0.20312
  -0.20312
  -0.20312
  -0.20312
  -0.20312
  -0.20312
  -0.20312
  -0.19531
  -0.19531
  -0.19531
  -0.18750
  -0.18750
  -0.17969
  -0.17969
  -0.17969
  -0.17188
  -0.17188
  -0.17188
  -0.16406
  -0.16406
  -0.16406
  -0.15625
  -0.15625
  -0.14844
  -0.14844
  -0.14844
  -0.14062
  -0.14062
  -0.13281
  -0.12500
  -0.11719
  -0.10938
  -0.10156
  -0.10156
  -0.09375
  -0.08594
  -0.08594
  -0.07812
  -0.07031
  -0.07031
  -0.06250
  -0.06250
  -0.05469
  -0.05469
  -0.04688
  -0.04688
  -0.03906
  -0.03906
  -0.03125
  -0.03125
  -0.02344
  -0.02344
  -0.01562
  -0.01562
  -0.00781
  -0.00781
  -0.00781
   0.00000
   0.00000
   0.00000
   0.00000
   0.00781
   0.00781
   0.00781
   0.00781
   0.00781
   0.00781
   0.01562
   0.01562
   0.01562
   0.01562
   0.01562
   0.01562
   0.00781
